      0/29    0.164G   0.05467  0.006558    0.1742    0.2354         4        64    0.3493    0.4298    0.2449   0.08802   0.03239   0.00187    0.1163
      1/29    0.149G   0.04463  0.005704    0.1115    0.1618         4        64    0.4024    0.5797    0.4876    0.1741   0.03237  0.001913   0.06231
      2/29    0.149G   0.04693  0.005684   0.09288    0.1455         3        64    0.5192    0.6949    0.6232    0.2304   0.03259  0.001868   0.04475
      3/29    0.149G   0.04593  0.005614   0.08055    0.1321         8        64    0.6968    0.7097    0.7109    0.2694   0.02931  0.001814   0.03251
      4/29    0.149G   0.04283   0.00548   0.06488    0.1132        10        64    0.7667     0.822    0.8103    0.3436   0.02851  0.001725    0.0219
      5/29    0.149G   0.04121  0.005382   0.05748    0.1041         4        64    0.8085    0.8176    0.8486    0.3713   0.02663  0.001829    0.0179
      6/29    0.149G   0.04026  0.005372     0.053   0.09864         5        64    0.8159    0.8646     0.853    0.3812   0.02675  0.001626   0.01554
      7/29    0.149G   0.03912  0.005272   0.04696   0.09135         9        64    0.8817    0.8704    0.8595    0.3812   0.02611  0.001607   0.01323
      8/29    0.149G   0.03872  0.005226   0.04389   0.08784         3        64      0.84    0.8945    0.8577    0.4008   0.02514  0.001583   0.01172
      9/29    0.149G   0.03786  0.005219   0.04156   0.08464         6        64    0.8351    0.8982    0.8539    0.4012   0.02502    0.0016   0.01102
     10/29    0.149G   0.03717  0.005179   0.04122   0.08357         6        64    0.8602    0.8986     0.854    0.4118   0.02434  0.001585   0.01015
     11/29    0.149G   0.03635  0.005105   0.03687   0.07833         4        64    0.8662    0.9085    0.8603    0.4053   0.02454  0.001564  0.009028
     12/29    0.149G   0.03562  0.005078   0.03601   0.07671         5        64    0.8584    0.9068     0.871     0.423    0.0238  0.001542  0.008887
     13/29    0.149G   0.03536  0.005056   0.03435   0.07476         3        64    0.8808    0.9053    0.8713    0.4268   0.02351  0.001518  0.008256
     14/29    0.149G    0.0347  0.005059   0.03421   0.07396         4        64    0.8777    0.9127    0.8703    0.4262   0.02343  0.001526  0.007831
     15/29    0.149G   0.03423  0.004993   0.03199   0.07121         6        64    0.8961    0.9118    0.8802    0.4369    0.0231  0.001518  0.007628
     16/29    0.149G   0.03361   0.00498   0.03112   0.06971         4        64    0.9007     0.908    0.8861    0.4452   0.02283  0.001521  0.007444
     17/29    0.149G   0.03287  0.004937   0.03019     0.068         5        64     0.895    0.9136    0.8853    0.4513   0.02262  0.001518   0.00724
     18/29    0.149G   0.03254  0.004933   0.02947   0.06694        12        64    0.8939    0.9196    0.8844     0.453   0.02247  0.001511  0.007058
     19/29    0.149G   0.03209  0.004922   0.02789   0.06491         4        64    0.8941    0.9228    0.8877     0.456   0.02231  0.001504  0.006939
     20/29    0.149G   0.03131  0.004873   0.02718   0.06337         9        64    0.8971    0.9204    0.8857    0.4589   0.02213  0.001498  0.006809
     21/29    0.149G     0.031  0.004835   0.02654   0.06238         9        64    0.8986    0.9191    0.8872    0.4597   0.02208  0.001489  0.006663
     22/29    0.149G   0.03047  0.004826   0.02604   0.06133         7        64     0.876    0.9234    0.8912    0.4633   0.02198  0.001483  0.006556
     23/29    0.149G   0.02997  0.004794   0.02403   0.05879         6        64    0.8766    0.9222    0.8929    0.4666   0.02192  0.001481  0.006459
     24/29    0.149G   0.02984  0.004778   0.02464   0.05925         8        64    0.8802    0.9258     0.895    0.4681   0.02187  0.001477  0.006384
     25/29    0.149G   0.02934  0.004768   0.02336   0.05747         6        64    0.8576    0.9265    0.8973    0.4708    0.0218  0.001473  0.006324
     26/29    0.149G   0.02904  0.004728   0.02328   0.05704         3        64    0.8536    0.9272    0.8991    0.4736   0.02173  0.001469  0.006246
     27/29    0.149G   0.02883  0.004733    0.0225   0.05607         6        64    0.8554    0.9283    0.9019    0.4756   0.02166  0.001465   0.00618
     28/29    0.149G   0.02852  0.004713   0.02218   0.05541         7        64    0.8562    0.9265    0.9034    0.4767   0.02161  0.001462  0.006118
     29/29    0.149G   0.02845  0.004701   0.02193   0.05508         5        64    0.8586    0.9255     0.906    0.4794   0.02156  0.001461  0.006055
