      0/19    0.593G   0.03159   0.01283   0.03407   0.07849         4       320    0.8667    0.9041    0.9039    0.4867    0.0203  0.005932  0.006656
      1/19    0.417G   0.03385   0.01281    0.0351   0.08176         4       320    0.9131    0.8648     0.907    0.4744   0.02062  0.005921  0.007134
      2/19    0.417G   0.03808   0.01307   0.04259   0.09374         3       320    0.8564    0.8692    0.8942    0.4458   0.02214   0.00614  0.009598
      3/19    0.417G   0.03995   0.01351    0.0498    0.1033         9       320    0.8179    0.8974    0.8849    0.4254   0.02195  0.006273  0.009538
      4/19    0.417G   0.03912   0.01348   0.04883    0.1014        10       320     0.849    0.8985     0.895    0.4549   0.02161   0.00617  0.009517
      5/19    0.415G   0.03845   0.01334    0.0461   0.09789         4       320    0.8881    0.8631    0.8865    0.4539   0.02115  0.006098  0.007952
      6/19    0.417G   0.03733   0.01324   0.04338   0.09395         5       320    0.9131    0.8827    0.9093    0.4892   0.02065  0.005993  0.007856
      7/19    0.417G   0.03687   0.01315   0.04244   0.09246         9       320    0.8644    0.9137    0.9092    0.4937   0.02018  0.005984  0.007865
      8/19    0.417G   0.03592   0.01299   0.04094   0.08986         2       320    0.8573    0.9097    0.9108    0.4913   0.02027  0.005961  0.007457
      9/19    0.417G   0.03528   0.01294   0.03999   0.08822         6       320    0.8892     0.894    0.9034    0.4939   0.02006  0.005889  0.007013
     10/19    0.417G   0.03457   0.01278    0.0383   0.08565         6       320     0.898    0.9108    0.9293    0.5189   0.01963   0.00581  0.006156
     11/19    0.417G     0.034   0.01268   0.03671   0.08339         5       320    0.9283    0.9017    0.9394    0.5328   0.01939  0.005755   0.00567
     12/19    0.417G   0.03344   0.01266   0.03627   0.08237         5       320    0.9285    0.9114    0.9359    0.5467   0.01881  0.005699  0.005253
     13/19    0.417G   0.03278   0.01252   0.03397   0.07927         3       320    0.9138    0.9238    0.9456    0.5497    0.0188  0.005653  0.004904
     14/19    0.417G   0.03209   0.01243   0.03241   0.07693         5       320    0.9111    0.9413    0.9429    0.5521   0.01854  0.005625  0.004453
     15/19    0.417G   0.03157    0.0123   0.03133    0.0752         6       320     0.925    0.9388    0.9488    0.5655   0.01826  0.005556  0.004079
     16/19    0.417G   0.03098   0.01218   0.02986   0.07302         4       320    0.9343    0.9288    0.9451    0.5682   0.01802    0.0055  0.004054
     17/19    0.417G   0.03063   0.01215   0.02956   0.07234         5       320     0.936    0.9317     0.947    0.5708   0.01789  0.005464  0.003857
     18/19    0.417G   0.03016   0.01204   0.02772   0.06993        12       320    0.9044    0.9562     0.949    0.5729   0.01778  0.005437  0.003675
     19/19    0.417G   0.02973   0.01198    0.0273   0.06901         4       320    0.9461    0.9311    0.9532    0.5797   0.01767  0.005412  0.003442
